0	1	-0.31875
0.01	1	0.30306
0.02	1	0.52577
0.03	1	0.70541
0.04	1	1.0445
0.05	1	1.0696
0.06	1	2.1687
0.07	1	2.0232
0.08	1	1.5997
0.09	1	3.0162
0.1	1	1.5757
0.11	1	2.5126
0.12	1	3.4027
0.13	1	4.1277
0.14	1	3.2011
0.15	1	4.7924
0.16	1	4.7755
0.17	1	4.7203
0.18	1	4.4102
0.19	1	4.7756
0.2	1	5.9044
0.21	1	5.9445
0.22	1	5.6579
0.23	1	5.8442
0.24	1	6.7794
0.25	1	6.5799
0.26	1	6.5224
0.27	1	6.8429
0.28	1	7.2714
0.29	1	6.9563
0.3	1	7.2891
0.31	1	7.362
0.32	1	8.1753
0.33	1	8.16
0.34	1	8.7379
0.35	1	8.1424
0.36	1	8.6348
0.37	1	9.7342
0.38	1	9.6516
0.39	1	10.482
0.4	1	10.53
0.41	1	10.247
0.42	1	10.764
0.43	1	10.713
0.44	1	10.848
0.45	1	10.772
0.46	1	11.817
0.47	1	12.108
0.48	1	11.891
0.49	1	12.18
0.5	1	12.606
0.51	1	13.163
0.52	1	12.367
0.53	1	13.194
0.54	1	13.775
0.55	1	14.032
0.56	1	14.396
0.57	1	14.401
0.58	1	14.35
0.59	1	14.464
0.6	1	15.667
0.61	1	15.579
0.62	1	15.973
0.63	1	16.448
0.64	1	16.064
0.65	1	16.095
0.66	1	16.621
0.67	1	17.065
0.68	1	16.117
0.69	1	17.684
0.7	1	16.656
0.71	1	17.695
0.72	1	17.886
0.73	1	17.276
0.74	1	18.272
0.75	1	18.999
0.76	1	19.417
0.77	1	18.767
0.78	1	18.846
0.79	1	20.429
0.8	1	20.042
0.81	1	19.938
0.82	1	20.343
0.83	1	20.438
0.84	1	21.141
0.85	1	21.583
0.86	1	20.674
0.87	1	20.769
0.88	1	21.978
0.89	1	22.054
0.9	1	23.202
0.91	1	22.639
0.92	1	22.858
0.93	1	22.727
0.94	1	24.233
0.95	1	24.306
0.96	1	23.834
0.97	1	24.065
0.98	1	24.867
0.99	1	24.153
1	1	24.776
1.01	1	24.974
1.02	1	25.441
1.03	1	27.008
1.04	1	25.366
1.05	1	25.496
1.06	1	27.318
1.07	1	26.723
1.08	1	27.313
1.09	1	26.707
1.1	1	27.13
1.11	1	27.832
1.12	1	27.777
1.13	1	29.025
1.14	1	28.774
1.15	1	28.522
1.16	1	28.663
1.17	1	29.055
1.18	1	29.854
1.19	1	30.05
1.2	1	30.402
1.21	1	29.68
1.22	1	30.312
1.23	1	31.317
1.24	1	30.257
1.25	1	31.479
1.26	1	30.987
1.27	1	32.172
1.28	1	31.839
1.29	1	33.135
1.3	1	32.402
1.31	1	33.084
1.32	1	32.437
1.33	1	33.05
1.34	1	33.675
1.35	1	32.471
1.36	1	34.01
1.37	1	33.887
1.38	1	34.277
1.39	1	34.85
1.4	1	35.926
1.41	1	34.65
1.42	1	35.336
1.43	1	35.468
1.44	1	35.773
1.45	1	36.415
1.46	1	36.885
1.47	1	36.791
1.48	1	36.5
1.49	1	36.88
1.5	1	37.9
1.51	1	37.694
1.52	1	38.174
1.53	1	38.731
1.54	1	38.849
1.55	1	37.988
1.56	1	39.425
1.57	1	38.989
1.58	1	39.795
1.59	1	39.441
1.6	1	40.163
1.61	1	39.605
1.62	1	41.272
1.63	1	40.015
1.64	1	40.263
1.65	1	40.722
1.66	1	41.475
1.67	1	42.183
1.68	1	41.999
1.69	1	42.382
1.7	1	42.009
1.71	1	42.574
1.72	1	43.251
1.73	1	44.376
1.74	1	43.211
1.75	1	42.956
1.76	1	43.429
1.77	1	44.499
1.78	1	45.026
1.79	1	45.407
1.8	1	45.555
1.81	1	45.403
1.82	1	46.113
1.83	1	46.111
1.84	1	46.198
1.85	1	46.734
1.86	1	46.026
1.87	1	46.355
1.88	1	47.013
1.89	1	47.032
1.9	1	47.144
1.91	1	48.323
1.92	1	47.796
1.93	1	48.616
1.94	1	47.625
1.95	1	49.173
1.96	1	48.714
1.97	1	48.12
1.98	1	49.191
1.99	1	49.617
2	-1	50.516
2.01	-1	49.956
2.02	-1	49.235
2.03	-1	49.343
2.04	-1	48.873
2.05	-1	48.715
2.06	-1	48.916
2.07	-1	48.596
2.08	-1	47.222
2.09	-1	48.389
2.1	-1	47.999
2.11	-1	47.197
2.12	-1	46.552
2.13	-1	46.645
2.14	-1	46.605
2.15	-1	45.506
2.16	-1	45.794
2.17	-1	45.753
2.18	-1	45.808
2.19	-1	45.731
2.2	-1	45.608
2.21	-1	45.624
2.22	-1	44.064
2.23	-1	43.726
2.24	-1	44.669
2.25	-1	43.011
2.26	-1	43.09
2.27	-1	43.784
2.28	-1	42.206
2.29	-1	43.125
2.3	-1	43.035
2.31	-1	41.695
2.32	-1	42.419
2.33	-1	40.866
2.34	-1	41.171
2.35	-1	41.237
2.36	-1	40.85
2.37	-1	40.924
2.38	-1	40.579
2.39	-1	40.683
2.4	-1	39.411
2.41	-1	39.503
2.42	-1	40.208
2.43	-1	39.48
2.44	-1	39.128
2.45	-1	38.744
2.46	-1	39.224
2.47	-1	39.298
2.48	-1	37.381
2.49	-1	37.872
2.5	-1	38.13
2.51	-1	37.465
2.52	-1	35.66
2.53	-1	36.364
2.54	-1	36.271
2.55	-1	36.123
2.56	-1	36.635
2.57	-1	36.768
2.58	-1	35.739
2.59	-1	35.714
2.6	-1	35.619
2.61	-1	34.494
2.62	-1	34.156
2.63	-1	34.32
2.64	-1	34.27
2.65	-1	33.154
2.66	-1	33.893
2.67	-1	33.144
2.68	-1	32.702
2.69	-1	33.263
2.7	-1	32.556
2.71	-1	32.083
2.72	-1	31.838
2.73	-1	31.576
2.74	-1	32.002
2.75	-1	30.362
2.76	-1	30.761
2.77	-1	29.776
2.78	-1	30.983
2.79	-1	29.548
2.8	-1	29.586
2.81	-1	29.256
2.82	-1	30.024
2.83	-1	29.218
2.84	-1	28.881
2.85	-1	28.455
2.86	-1	28.919
2.87	-1	27.549
2.88	-1	27.668
2.89	-1	28.051
2.9	-1	26.685
2.91	-1	27.258
2.92	-1	26.762
2.93	-1	27.623
2.94	-1	27.067
2.95	-1	26.257
2.96	-1	26.171
2.97	-1	25.621
2.98	-1	27.077
2.99	-1	25.153
3	-1	23.993
3.01	-1	24.454
3.02	-1	24.273
3.03	-1	23.453
3.04	-1	24.14
3.05	-1	24.446
3.06	-1	23.242
3.07	-1	22.602
3.08	-1	22.632
3.09	-1	22.914
3.1	-1	22.436
3.11	-1	21.271
3.12	-1	22.281
3.13	-1	22.041
3.14	-1	20.596
3.15	-1	21.333
3.16	-1	21.378
3.17	-1	21.033
3.18	-1	20.289
3.19	-1	20.705
3.2	-1	19.343
3.21	-1	18.763
3.22	-1	20.005
3.23	-1	19.305
3.24	-1	19.341
3.25	-1	18.303
3.26	-1	19.307
3.27	-1	17.955
3.28	-1	18.332
3.29	-1	17.187
3.3	-1	17.002
3.31	-1	16.797
3.32	-1	16.859
3.33	-1	16.974
3.34	-1	17.009
3.35	-1	16.749
3.36	-1	16.3
3.37	-1	16.044
3.38	-1	15.371
3.39	-1	14.951
3.4	-1	14.96
3.41	-1	15.019
3.42	-1	14.202
3.43	-1	15.086
3.44	-1	14.788
3.45	-1	14.14
3.46	-1	13.76
3.47	-1	12.814
3.48	-1	11.781
3.49	-1	12.346
3.5	-1	11.821
3.51	-1	12.635
3.52	-1	12.814
3.53	-1	11.896
3.54	-1	11.294
3.55	-1	10.745
3.56	-1	10.726
3.57	-1	11.1
3.58	-1	10.485
3.59	-1	11.19
3.6	-1	9.5665
3.61	-1	8.4022
3.62	-1	9.5714
3.63	-1	8.7363
3.64	-1	9.2641
3.65	-1	8.8248
3.66	-1	9.2626
3.67	-1	7.3316
3.68	-1	8.2271
3.69	-1	8.0973
3.7	-1	6.8494
3.71	-1	7.7805
3.72	-1	8.1093
3.73	-1	6.8498
3.74	-1	7.0202
3.75	-1	6.3462
3.76	-1	5.2412
3.77	-1	6.0357
3.78	-1	5.2446
3.79	-1	5.0808
3.8	-1	5.2422
3.81	-1	5.1442
3.82	-1	3.672
3.83	-1	5.0631
3.84	-1	4.3467
3.85	-1	3.6306
3.86	-1	3.9824
3.87	-1	2.768
3.88	-1	3.0271
3.89	-1	3.1888
3.9	-1	2.3195
3.91	-1	2.1261
3.92	-1	1.5599
3.93	-1	1.8937
3.94	-1	1.3539
3.95	-1	1.1533
3.96	-1	1.8577
3.97	-1	1.0017
3.98	-1	0.2176
3.99	-1	0.4877
4	1	-0.96629
4.01	1	-0.65585
4.02	1	0.18926
4.03	1	0.2508
4.04	1	0.77382
4.05	1	1.674
4.06	1	1.6657
4.07	1	0.83246
4.08	1	1.8331
4.09	1	3.1778
4.1	1	2.1191
4.11	1	1.3549
4.12	1	1.9043
4.13	1	2.6306
4.14	1	3.8466
4.15	1	3.4355
4.16	1	4.1159
4.17	1	4.1539
4.18	1	4.2653
4.19	1	5.4855
4.2	1	4.2673
4.21	1	4.5681
4.22	1	5.3421
4.23	1	6.2108
4.24	1	6.5698
4.25	1	5.2375
4.26	1	6.78
4.27	1	6.3387
4.28	1	6.8499
4.29	1	6.2689
4.3	1	7.3011
4.31	1	7.3038
4.32	1	7.6108
4.33	1	8.9718
4.34	1	9.0766
4.35	1	9.0149
4.36	1	8.3902
4.37	1	8.6289
4.38	1	9.6453
4.39	1	8.7678
4.4	1	9.9509
4.41	1	9.8649
4.42	1	10.683
4.43	1	10.144
4.44	1	10.907
4.45	1	10.351
4.46	1	11.533
4.47	1	11.631
4.48	1	11.126
4.49	1	12.149
4.5	1	12.549
4.51	1	12.3
4.52	1	13.403
4.53	1	12.904
4.54	1	12.556
4.55	1	13.559
4.56	1	13.509
4.57	1	13.889
4.58	1	13.735
4.59	1	15.155
4.6	1	14.308
4.61	1	15.18
4.62	1	15.351
4.63	1	16.014
4.64	1	15.504
4.65	1	16.448
4.66	1	16.95
4.67	1	16.627
4.68	1	16.781
4.69	1	17.471
4.7	1	17.442
4.71	1	18.691
4.72	1	18.063
4.73	1	17.215
4.74	1	18.844
4.75	1	19.083
4.76	1	18.456
4.77	1	18.919
4.78	1	19.902
4.79	1	19.254
4.8	1	19.71
4.81	1	20.359
4.82	1	19.914
4.83	1	20.865
4.84	1	20.97
4.85	1	22.12
4.86	1	21.716
4.87	1	21.437
4.88	1	22.439
4.89	1	22
4.9	1	23.025
4.91	1	21.975
4.92	1	23.52
4.93	1	23.455
4.94	1	23.802
4.95	1	23.539
4.96	1	24.369
4.97	1	24.211
4.98	1	24.657
4.99	1	24.417
5	1	25.375
5.01	1	25.212
5.02	1	25.891
5.03	1	26.113
5.04	1	25.519
5.05	1	25.607
5.06	1	25.989
5.07	1	26.281
5.08	1	26.454
5.09	1	26.829
5.1	1	27.463
5.11	1	27.38
5.12	1	28.48
5.13	1	28.411
5.14	1	29.067
5.15	1	28.971
5.16	1	29.321
5.17	1	29.535
5.18	1	29.017
5.19	1	29.396
5.2	1	29.956
5.21	1	30.164
5.22	1	30.917
5.23	1	30.603
5.24	1	30.47
5.25	1	31.422
5.26	1	31.63
5.27	1	32.993
5.28	1	32.696
5.29	1	32.544
5.3	1	33.036
5.31	1	32.626
5.32	1	32.124
5.33	1	33.809
5.34	1	33.564
5.35	1	34.548
5.36	1	34.503
5.37	1	34.674
5.38	1	34.327
5.39	1	35.19
5.4	1	34.803
5.41	1	35.385
5.42	1	35.468
5.43	1	35.912
5.44	1	37.172
5.45	1	36.178
5.46	1	36.3
5.47	1	37.408
5.48	1	36.663
5.49	1	37.232
5.5	1	36.883
5.51	1	37.91
5.52	1	38.257
5.53	1	38.535
5.54	1	38.498
5.55	1	39.056
5.56	1	38.755
5.57	1	38.386
5.58	1	39.221
5.59	1	40.151
5.6	1	40.752
5.61	1	40.71
5.62	1	40.221
5.63	1	40.924
5.64	1	40.456
5.65	1	41.55
5.66	1	41.707
5.67	1	40.988
5.68	1	41.844
5.69	1	43.068
5.7	1	41.499
5.71	1	42.422
5.72	1	42.214
5.73	1	42.724
5.74	1	42.673
5.75	1	43.935
5.76	1	43.532
5.77	1	44.299
5.78	1	44.815
5.79	1	44.589
5.8	1	45.314
5.81	1	45.144
5.82	1	45.356
5.83	1	45.921
5.84	1	46.49
5.85	1	46.079
5.86	1	47.324
5.87	1	46.128
5.88	1	45.938
5.89	1	47.363
5.9	1	46.339
5.91	1	46.301
5.92	1	47.919
5.93	1	48.307
5.94	1	48.29
5.95	1	48.57
5.96	1	49.227
5.97	1	49.011
5.98	1	49.559
5.99	1	49.54
6	-1	49.758
6.01	-1	50.626
6.02	-1	50.441
6.03	-1	49.34
6.04	-1	49.398
6.05	-1	49.377
6.06	-1	47.707
6.07	-1	47.04
6.08	-1	48.593
6.09	-1	47.772
6.1	-1	46.779
6.11	-1	47.595
6.12	-1	47.366
6.13	-1	47.696
6.14	-1	46.391
6.15	-1	46.146
6.16	-1	45.431
6.17	-1	44.457
6.18	-1	45.145
6.19	-1	45.819
6.2	-1	44.46
6.21	-1	44.866
6.22	-1	43.759
6.23	-1	44.975
6.24	-1	44.639
6.25	-1	43.319
6.26	-1	42.972
6.27	-1	43.733
6.28	-1	43.532
6.29	-1	43.207
6.3	-1	42.513
6.31	-1	42.406
6.32	-1	42.234
6.33	-1	41.535
6.34	-1	42.477
6.35	-1	40.783
6.36	-1	40.631
6.37	-1	40.765
6.38	-1	40.541
6.39	-1	39.708
6.4	-1	39.361
6.41	-1	39.383
6.42	-1	39.316
6.43	-1	39.238
6.44	-1	38.35
6.45	-1	38.397
6.46	-1	38.263
6.47	-1	37.717
6.48	-1	38.497
6.49	-1	38.008
6.5	-1	37.325
6.51	-1	38.043
6.52	-1	37.58
6.53	-1	36.681
6.54	-1	37.013
6.55	-1	36.14
6.56	-1	35.762
6.57	-1	35.325
6.58	-1	36.168
6.59	-1	36.023
6.6	-1	35.536
6.61	-1	34.681
6.62	-1	35.175
6.63	-1	34.197
6.64	-1	34.106
6.65	-1	33.734
6.66	-1	33.282
6.67	-1	33.389
6.68	-1	33.13
6.69	-1	32.242
6.7	-1	32.576
6.71	-1	33.571
6.72	-1	32.248
6.73	-1	32.483
6.74	-1	31.644
6.75	-1	31.058
6.76	-1	30.897
6.77	-1	30.039
6.78	-1	30.112
6.79	-1	30.668
6.8	-1	30.285
6.81	-1	29.662
6.82	-1	30.886
6.83	-1	30.13
6.84	-1	28.986
6.85	-1	28.681
6.86	-1	28.835
6.87	-1	27.984
6.88	-1	28.543
6.89	-1	27.87
6.9	-1	27.748
6.91	-1	26.653
6.92	-1	27.077
6.93	-1	26.915
6.94	-1	25.818
6.95	-1	25.644
6.96	-1	25.442
6.97	-1	26.116
6.98	-1	25.858
6.99	-1	24.357
7	-1	25.061
7.01	-1	23.938
7.02	-1	24.511
7.03	-1	24.449
7.04	-1	23.015
7.05	-1	24.415
7.06	-1	23.466
7.07	-1	22.647
7.08	-1	24.218
7.09	-1	23.709
7.1	-1	22.692
7.11	-1	22.152
7.12	-1	22.498
7.13	-1	22.193
7.14	-1	20.288
7.15	-1	20.792
7.16	-1	20.278
7.17	-1	20.49
7.18	-1	21.054
7.19	-1	19.499
7.2	-1	19.778
7.21	-1	20.087
7.22	-1	17.996
7.23	-1	19.994
7.24	-1	17.951
7.25	-1	18.692
7.26	-1	18.381
7.27	-1	18.318
7.28	-1	18.342
7.29	-1	16.973
7.3	-1	18.114
7.31	-1	17.233
7.32	-1	17.088
7.33	-1	16.155
7.34	-1	16.475
7.35	-1	16.423
7.36	-1	16.054
7.37	-1	15.987
7.38	-1	14.887
7.39	-1	14.123
7.4	-1	14.953
7.41	-1	14.192
7.42	-1	14.445
7.43	-1	14.431
7.44	-1	13.277
7.45	-1	12.855
7.46	-1	13.017
7.47	-1	12.813
7.48	-1	12.887
7.49	-1	12.607
7.5	-1	13.009
7.51	-1	12.176
7.52	-1	12.369
7.53	-1	11.617
7.54	-1	10.845
7.55	-1	11.603
7.56	-1	10.632
7.57	-1	9.9566
7.58	-1	10.738
7.59	-1	10.548
7.6	-1	10.229
7.61	-1	9.3757
7.62	-1	9.51
7.63	-1	8.856
7.64	-1	9.0568
7.65	-1	8.5216
7.66	-1	8.8433
7.67	-1	8.1513
7.68	-1	7.7588
7.69	-1	7.8507
7.7	-1	6.8551
7.71	-1	7.1404
7.72	-1	6.4122
7.73	-1	6.4832
7.74	-1	7.0414
7.75	-1	6.3656
7.76	-1	5.777
7.77	-1	5.9456
7.78	-1	5.6442
7.79	-1	5.0467
7.8	-1	4.3691
7.81	-1	5.6473
7.82	-1	4.525
7.83	-1	5.0734
7.84	-1	3.9764
7.85	-1	4.3681
7.86	-1	3.7973
7.87	-1	3.2463
7.88	-1	2.1997
7.89	-1	2.3808
7.9	-1	2.3246
7.91	-1	2.7413
7.92	-1	2.456
7.93	-1	1.8874
7.94	-1	1.4619
7.95	-1	1.5072
7.96	-1	0.72802
7.97	-1	1.2642
7.98	-1	0.13881
7.99	-1	-0.48835
8	1	-0.063882
8.01	1	-0.49721
8.02	1	0.65513
8.03	1	1.3768
8.04	1	0.29871
8.05	1	0.40817
8.06	1	1.3778
8.07	1	1.7074
8.08	1	2.5825
8.09	1	2.41
8.1	1	2.7135
8.11	1	2.3615
8.12	1	2.9918
8.13	1	3.78
8.14	1	3.8487
8.15	1	3.6195
8.16	1	3.8401
8.17	1	5.4513
8.18	1	4.6906
8.19	1	4.4388
8.2	1	4.7836
8.21	1	5.3343
8.22	1	6.1818
8.23	1	5.6111
8.24	1	6.0811
8.25	1	7.0993
8.26	1	7.0396
8.27	1	6.5136
8.28	1	6.5361
8.29	1	7.8701
8.3	1	7.4872
8.31	1	7.6938
8.32	1	7.313
8.33	1	6.9229
8.34	1	8.0596
8.35	1	9.4597
8.36	1	8.7531
8.37	1	8.8227
8.38	1	9.3235
8.39	1	10.1
8.4	1	9.6117
8.41	1	9.0562
8.42	1	10.137
8.43	1	11.306
8.44	1	11.667
8.45	1	11.828
8.46	1	11.734
8.47	1	11.84
8.48	1	11.467
8.49	1	12.605
8.5	1	12.117
8.51	1	12.987
8.52	1	12.316
8.53	1	13.191
8.54	1	14.128
8.55	1	13.595
8.56	1	14.204
8.57	1	14.216
8.58	1	14.29
8.59	1	14.877
8.6	1	14.749
8.61	1	15.536
8.62	1	15.15
8.63	1	15.347
8.64	1	15.785
8.65	1	16.738
8.66	1	16.744
8.67	1	17.206
8.68	1	18.086
8.69	1	17.07
8.7	1	17.226
8.71	1	18.177
8.72	1	17.908
8.73	1	18.545
8.74	1	18.868
8.75	1	19.164
8.76	1	18.938
8.77	1	20.228
8.78	1	19.431
8.79	1	18.997
8.8	1	19.685
8.81	1	20.645
8.82	1	21.201
8.83	1	20.572
8.84	1	21.864
8.85	1	21.321
8.86	1	21.236
8.87	1	22.261
8.88	1	21.825
8.89	1	21.645
8.9	1	21.048
8.91	1	23.119
8.92	1	23.271
8.93	1	22.757
8.94	1	22.901
8.95	1	22.636
8.96	1	23.582
8.97	1	23.962
8.98	1	24.957
8.99	1	24.67
9	1	26.047
9.01	1	24.914
9.02	1	24.943
9.03	1	25.621
9.04	1	26.091
9.05	1	26.332
9.06	1	26.583
9.07	1	26.965
9.08	1	27.289
9.09	1	27.084
9.1	1	26.963
9.11	1	27.797
9.12	1	28.57
9.13	1	29.333
9.14	1	28.428
9.15	1	28.069
9.16	1	28.193
9.17	1	28.897
9.18	1	28.853
9.19	1	29.582
9.2	1	29.317
9.21	1	30.461
9.22	1	31.316
9.23	1	31.354
9.24	1	31.074
9.25	1	31.441
9.26	1	31.384
9.27	1	31.194
9.28	1	31.369
9.29	1	31.911
9.3	1	32.617
9.31	1	31.881
9.32	1	32.805
9.33	1	33.347
9.34	1	33.705
9.35	1	34.057
9.36	1	35.073
9.37	1	33.958
9.38	1	34.778
9.39	1	33.944
9.4	1	35.469
9.41	1	34.993
9.42	1	35.886
9.43	1	37.126
9.44	1	35.585
9.45	1	36.081
9.46	1	37.381
9.47	1	37.464
9.48	1	37.22
9.49	1	37.041
9.5	1	37.107
9.51	1	37.241
9.52	1	37.589
9.53	1	38.39
9.54	1	38.643
9.55	1	39.582
9.56	1	39.024
9.57	1	39.515
9.58	1	39.154
9.59	1	39.831
9.6	1	39.378
9.61	1	40.611
9.62	1	39.763
9.63	1	40.813
9.64	1	41.516
9.65	1	41.446
9.66	1	41.796
9.67	1	41.508
9.68	1	40.654
9.69	1	42.009
9.7	1	42.698
9.71	1	41.981
9.72	1	42.59
9.73	1	44.075
9.74	1	43.445
9.75	1	43.786
9.76	1	43.248
9.77	1	44.226
9.78	1	44.975
9.79	1	43.867
9.8	1	44.802
9.81	1	45.093
9.82	1	45.692
9.83	1	46.423
9.84	1	46.857
9.85	1	46.511
9.86	1	47.274
9.87	1	46.443
9.88	1	46.872
9.89	1	46.685
9.9	1	48.618
9.91	1	46.817
9.92	1	48.233
9.93	1	48.059
9.94	1	48.725
9.95	1	47.959
9.96	1	48.107
9.97	1	49.402
9.98	1	50.486
9.99	1	49.993
10	-1	50.317
